    1.00000
    5.44118
   0.891995
    9.09684
    0.00000
   -7.18972
    12.2700
   -4.89408
    0.00000
   0.870536
    1.36081
    0.00000
   0.688650
   0.602330
    0.00000
   0.316346
    1.22728
  -0.363620E-01
  -0.405821
   0.452536
   0.755831
   0.215662
   0.152759
    5.96235
    23.2036
    11.2994
    69.9596
   0.989596
  -0.132131E-01
   0.985681
   0.344212E-01
    1.02389
   0.207867
    1.51220
   0.682715E-01
    1.84714
    1.76977
    1.37690
   0.696350
   0.343280
    3.28846
    111.293
    5.82287
    4.39664
   0.383403
   0.648176
   0.318752E-01
   0.581168
    1.15070
   0.843004
   0.394732
   0.846509
   0.916555
   0.550920
   0.180725
   0.898772
   0.387365
    2.26596
    1.29123
   0.436819
    1.28211
    1.33199
   0.405553
    1.62290
   0.699074
    1.26131
    2.42297
   0.537116
   0.619441
  Q=  17.6630